1812505621
62523061
154125871
1454269321
367576901
1313074319
565896011
1869530381
1781952281
417269899
1922213123
279228583
1361068453
1764317677
497684459
186966419
459976817
666892003
1677813437
355794937
2044464299
1465949477
236340673
1967296103
1102360657
676419697
991703893
1707127141
2053016153
945233593
765530291
1141644841
394129247
663488269
492050483
1119327707
940184029
1738659959
1703456927
2140181839
125289821
392303759
1185524531
1909907977
164270287
1257090061
395080943
635530009
1746583673
631304029
862351507
36716171
2101513573
1359998933
2085777077
323102041
1406039617
92851571
992463541
341701739
1025658983
1426835441
1201843751
1979070007
944017201
654966523
709045889
1335311911
1564617503
809444177
1442084921
2038662727
862277917
1329043421
1096776173
461387141
112094621
69395063
913656979
250022537
1336559881
2104470691
1517609887
717824417
409044821
1296753779
1682811047
1398147227
2136688769
760796683
414847637
870529787
1077431041
1607276513
1363722749
2089819001
30079463
538014023
1575447733
1354365319
836898169
325100257
941567953
1959737053
1517283553
2041484663
1628427583
1377873767
835145609
1631591407
1405469869
480457699
1203344033
498691561
1040391881
1550918081
1260919493
1965661813
1397928817
1419736261
1654976311
1272613033
582169993
1479316739
252077767
157192873
1155241859
505557527
236699081
25761157
683675093
1555096687
772689859
130222049
1970221499
1857215027
1288203457
940859473
2129313601
1268686301
1648523509
118001353
1990382137
352360409
1063778941
1240271821
2072145701
1999278587
2026288151
746072741
1343930479
1659575681
1307567659
2135756299
1515390827
74822477
633064429
170442953
1493613001
1778916701
1830170389
835531111
878240977
1505097889
457742111
770074537
279038803
1647056869
839752889
959857313
17470111
1291225357
1179665183
1848841199
1465069997
1981843657
858441169
1133887973
663595711
382340831
1231001843
1710392617
1857969353
1895988859
1330068977
8649491
1910111807
1130255311
2014966817
616918067
913791079
320953439
59963957
210986927
802930741
1579940113
1377668063
1400630921
587980271
1948303129
1552996829
1578053501
246551471
1487766421
1148056159
596815717
1277004679
1419676157
477519649
958124021
1921944971
2007157423
1739942599
1369680371
209437387
1877127907
1818207637
412762699
771936169
365631619
1715349703
511185509
1016405693
537605099
692019899
1020824159
1728126821
1787009347
1663375187
1050948293
1237125193
467945017
1036272617
1389621671
1104317723
39373969
1146519601
1916513953
1691177687
1747675091
214617943
1880365651
861517219
23991259
1278000949
756022081
1232604773
1030821149
1130843963
897603661
1645885499
1401943451
1418934809
584380919
1067472547
207667613
1816654709
1648871321
1665765889
1781458417
1210228021
693316499
2063483393
1108284257
1522799489
575597797
690706351
255937249
1332091903
1697097791
1292993249
260651299
104048327
173774431
259603573
216233027
1039966523
863450747
1773307969
767670419
2040530321
1576855283
973684037
26762833
721823777
223196443
68632957
907342907
1428229931
1525208369
1409350141
445334639
1457315479
974772521
1493630381
50565901
948538141
809841167
1087967501
676211
1972235803
922371319
1304242001
1243829897
1438943543
1238866513
628355879
12669493
463698049
498278237
1555218703
1009624159
160461599
1298776399
2068930531
898307141
1438600117
923981021
807132517
418712513
2000047307
42863129
1643460563
940034717
732570989
2013497777
474122111
110761943
1202851043
941619929
1808608147
1000045379
526273679
1691758097
1715760569
463152869
315993709
1728501829
1849693999
1653074669
116525051
1455928189
1526300849
2043529193
426326819
83266273
1362891713
869713129
413040851
1570922369
1455201509
1512196577
1406201959
876951221
1264583923
1616859133
1514775359
1384139191
328433179
674012699
1813225181
868579123
89944781
2037220697
1943112911
1627624619
596649847
1393970623
526439171
9043121
289414043
155758991
1831306019
1908856123
550660823
865644259
717072443
921376073
1286323417
318181973
696940813
1434752399
1284203623
1094974861
638987773
671813357
636357103
249364447
1729454369
1681729667
1776959603
628932823
1601806937
1678170947
644497351
87350047
1036457701
1643219951
1859745049
452055977
465769511
1951578659
1442742461
1514001961
801198991
595254073
110629823
1428608327
1541674327
537797279
1578703783
1733360533
657154933
1052666821
114167737
2051101147
1482836881
1111102679
127857887
1787807849
773157521
2092622659
503099881
144449873
2123101727
1898769947
939294607
166346911
1480622137
881636641
1694252281
1228466891
851155177
589274603
1065779023
940603241
695587661
1095621193
1799994961
782960249
700973437
1972945333
378691
1065383519
1112801071
247097597
1269110501
463569251
409614229
750387037
1774661419
914917643
365450447
1204794077
94695983
89799067
702106921
466008239
1845577039
639000763
1881409259
196303951
2036356859
1417727603
1521155651
493784359
530688161
1184263039
240222211
1692050597
971817421
1776106051
2128127363
1355519873
1028811713
2058341473
1186106627
1712064413
633188557
914394409
1725081019
309452383
1470280969
1237935331
1805113801
1184818091
1213115693
2114319661
873387881
406993799
17025067
1503489899
1720950793
1111208713
1312197421
1808945819
575298637
52974563
10244513
542264941
690256601
248984947
1237623523
1890734519
1331081797
199225937
1223524639
1322553251
107627329
457105823
931986049
828564557
706981831
21320197
460621957
870067603
1459120843
1869509981
1155535193
1695638311
2134193911
2118674407
879012553
381407567
131419549
1105329937
996161501
1932570533
1640132311
1436230633
511248169
970644443
1310323447
909247919
1851582347
1815664601
737699899
1390188091
468339931
1808052439
926784431
7348157
1519017103
1669487507
1988613661
852891661
779960677
2109251279
1065652849
169379803
430544407
1609693223
499315937
782426917
1509242963
1791981047
1746837577
288098821
1306903063
822640069
2061072499
925940713
1770051461
1697406499
558417073
624388403
389544713
396857977
1741723897
455281447
1054888487
501284071
2001274757
1508199509
1492427843
1813742443
1838365649
21503617
1529670209
1134013093
1139469503
1193286961
2137709543
243560549
1903654751
88793651
435921929
1328889713
921603647
558719989
667585417
1120859809
1170318379
1117633417
506567329
333644039
1925994569
1053066221
1972116691
959481889
25888913
758838467
1478231771
1518077417
159716639
376040597
2096415913
1334389439
2292221
946814233
1306485407
1056369761
1117980671
1848801419
214792421
1431165079
756598279
1487581031
1217355481
669208691
1248962063
1451893799
544518361
1205162753
1201368083
115178017
1683836591
1182935447
269357591
1562671081
1180698907
125184307
1031855327
163737389
1183257791
1249832279
745033021
294530221
1714428319
618038573
2110924331
1689042367
771819107
1056516557
963589909
1593984211
626743739
913442197
1053628861
807417659
579986611
220784771
1655314963
1390983101
2122478537
567628981
1589673329
855997189
1681496779
1280806073
208843451
989678777
1446691691
2038316311
1450835413
1605585013
64165001
1860236867
921221167
1369206361
863348567
1328594669
772556819
1678515697
1227879941
1857475553
78990157
1916067661
354708581
1493403739
1328998133
994645961
1796777051
1651969537
22584557
172057201
561082693
1223039003
412332379
1194601081
1465827679
1322693081
553500659
46077103
818045783
22833149
2049692551
567964699
1620107207
1943100967
1174789793
1604987749
590145869
1536196843
536665771
1558100189
721470353
1485757337
1761983731
564659033
1459531547
2131135231
166416781
550181773
419605037
1723523471
52879969
505862459
206819099
206037281
454745299
243135481
907645769
1998760297
22667317
124516267
1005811087
157686439
1759637533
1696953169
1177464569
1512943919
797758219
816998951
123290147
386882737
2084410663
774434533
896135971
1821319187
1020795973
1512320309
2079806411
85129067
1627450763
670424269
8775419
626057119
1406749163
1513510529
145697753
823808369
1795834177
471736907
1332018377
1348390531
1323218107
1298362361
2044523527
1981332433
1210927259
291313591
956477083
1166840231
422628391
575865751
1468336267
640104083
1566183119
864274561
1796371873
156010279
1570487833
356477833
822776533
63873779
125725021
2019421471
609700471
1351786021
693583991
1088386421
1783607557
553553219
552045707
1810757147
548991043
989432231
1815261631
146763179
81142357
1829668097
1162977043
1442775379
2071731971
1409024429
902127133
542223497
1669636721
1585236973
2058907157
1755649361
809098559
1213128821
624533941
978603401
665242093
1265198873
218989889
1818119843
1231247981
1592114327
616068191
74050517
152802019
699662053
1458958619
1426235731
769751933
1829533721
268217557
1511159789
497906509
1499053753
2147362397
331251913
1024341589
1189591127
1561347313
1859023847
420257393
297847709
1388100017
1549641209
1914100231
1690746131
39345151
577446589
1345685857
821490499
1600068637
566563513
1235039557
962594177
1597199647
2025001991
39938033
1227931531
465030119
324966197
544840601
295433647
250623557
2141870971
1566661039
2027327933
110432473
1668188989
1154394757
111095209
1981473511
1727653519
846048083
139493593
993254137
362860051
662058889
1595950399
643186829
1232787797
2112108899
1515930113
808637233
1241023757
1007224633
927778843
559979633
2047223771
730611449
347247871
168887759
1254082013
1296954479
414355231
1857908551
2067243203
1524960599
144414103
860632811
1921003727
747646807
1538469809
1777382197
1319260867
158504911
396071783
487303639
1153979033
109728701
649437671
1380368911
1149297727
1697648083
501071567
1312803647
1020504601
1369228687
1462691327
1827974947
434282951
1581791039
1203349463
429914461
873568879
144363977
1278359791
174205429
332798537
62514553
2137641923
313600597
1294708711
1388442281
913188349
2097457157
1636856159
1562610227
640964371
1583513611
1056757531
954773993
1937256389
865810301
775867991
1380765539
849948097
668652091
2068157057
1557571513
800884811
1807669811
37767097
614329813
999358229
1267642543
1958998291
639755927
1796215373
1240779899
593073737
1616588473
46699073
456656119
1685731391
681157991
583037647
1415535643
1001988833
713064503
1705236317
1960800199
1467420797
703821143
2014245749
481126031
123833519
1002776017
1029165349
1940782517
193618223
532846031
1735382027
1733912027
606158009
469806283
1689764273
64771093
1687914341
1156827253
2025209083
1776288757
1496028497
1626560413
670251811
1641097109
1361436673
1166701169
1802066587
1966916383
1575182387
1808306221
373055951
1466461223
1205591927
3023653
1994116829
757783267
286824583
430191733
52795163
1469481271
542040979
587497789
221575213
179966021
974889623
1426627151
52975369
1233600437
1134807763
675137341
1843094087
104993281
833092231
1293783367
332411333
2060099467
1773594367
1921123613
1484353601
1138474339
522287911
934632799
380195369
1934709947
5772617
409800577
958707991
490161127
1169970973
1470536339
284715569
1969616783
830338081
1570849901
1518941759
1189135963
1411769209
241542617
162597931
1674331487
1284435539
1164500543
13070051
1832948059
1961524681
584368159
1661634971
1970198537
14667437
890390131
1655008807
860978143
991706029
760323469
308290777
1014281539
1989084737
530123149
1005560167
1001987237
171303721
1673913497
136529891
247167413
1233724171
989091707
283554907
1867220189
781549543
885242383
1976969651
1771980493
1695176633
1261298393
611561543
1363150549
1642578479
531618817
795021613
62153557
360962731
1642731239
1396135129
108292577
1899060011
6322777
689511223
14543603
910188281
826114147
1177172999
326696437
658160561
1770001361
155315929
845334181
1757617229
590442071
2023186351
1345058641
1957207949
543346379
739237669
372358471
1329337643
845602451
471474433
1406083769
859559431
1222915391
4412383
757665967
2013527353
1366972813
881719403
411063769
478609253
472647113
1932612481
46216349
1783107413
2121516571
1683813793
598015967
1813002557
683711923
1773356183
64194421
1164299897
1084888631
219822299
1874797909
1806127051
290397403
1120294933
435729937
1432834027
15738893
239412337
1341566741
530965361
298199939
126737311
1654684627
904987813
593871953
872739587
21758593
2078779529
1962586973
906260657
1884129721
1854862817
1836649747
493956289
1386278599
1611941957
153218609
360210239
1070268923
1048961077
1616170289
1901711099
1782070583
276718067
1084927133
1796482297
1439140973
915824269
1887524741
687891667
56702039
1739539183
1079809069
683207099
1528515997
163440733
1783385377
2056874453
384087989
754234739
1964749051
1047582181
1694939833
1483848089
106364371
605485613
819588787
1274321053
25429819
1827459493
1310043751
245814263
1250921671
1574578223
147940453
1103352869
360007709
1998922061
1068777887
764410403
438628087
1490087903
224141677
831094387
868035683
2111592029
1819515949
43950919
536863253
1388747957
24696229
2012755163
1121803079
627887291
2123293247
64346371
1126560511
1220742643
205020973
696323317
574051741
1714737091
798987647
1906490147
964719817
1625561521
251726777
1408022359
2034398371
719099993
604416389
843579749
965729953
754105679
1840563227
1942433621
1814113927
1768249031
171012823
1578470557
1447554373
128618569
998273027
869368837
168028033
120173621
558229781
659024699
92284111
1246398929
413283109
1193834549
1886907433
550430567
1400076329
96012779
211339963
458872031
337068871
874461851
590932763
920862563
1219423133
1968817387
381057371
1701166613
81109867
1590961061
440578357
1271005049
1615474199
816286901
231282529
492496657
731303663
1893574043
1147076731
1829936057
486872077
1074595127
1736677289
487684969
223994983
1406839661
640375171
1231955929
1627604717
942417319
222303089
325811371
1106614211
2146241459
1396334839
1481989777
1420181669
2088703031
944600989
447731201
287443081
1293638179
311482607
645597437
1487163889
115753367
1596906277
701005901
237554699
115762681
347851571
585630917
43738129
763158283
1694697269
1366447651
1196671337
1545664609
662505301
1981550887
917127437
826722719
491386453
848145359
1613255753
1109840101
1228635607
606864829
800196643
560115601
2139507949
1040312347
1915481839
347838593
897451481
1990169189
426219883
170138989
1988641531
1158824743
842684629
1293587653
2146306843
665243959
1169140487
2139052171
525457627
669155777
300019631
984877007
424762759
362692853
531773167
1474807339
1815206863
1884517823
113672063
27677807
428342749
1769883509
1798293073
1058958031
1354018537
736995037
1296703741
831066317
715995947
1614607349
1809185029
960095951
1120150907
1323355981
13425017
1283350423
1404495997
1139817661
557827937
1871294959
1512721121
1259956487
1999088471
2108420491
1240345903
1262941037
1031040917
537556639
1648562353
10365539
622712413
1289346059
1694799937
925203757
591041851
2114900947
203743381
1102610203
661994521
923379179
742762331
1517778341
1454605073
1377661679
762791011
2015124887
912148427
203107327
66340387
1112572897
1584819217
265007461
198842003
139017283
714152773
719789221
846224479
1531634087
1657761181
1762668707
1491500651
1688717227
889083673
980665207
1128518917
663633211
1773750911
379428319
1409671139
709432211
19249847
1566201419
991313321
1723191391
1480327603
188573257
1095127949
1100933417
1379458499
352109689
1370561567
1941641963
28958893
401365403
1081254287
1463745497
1427660011
1854569533
1300789927
45405559
584278397
983673133
1701315337
2028226997
1869827699
2047831727
85779571
982280041
452785873
1421057273
839437657
1856444389
456655159
552522023
1190862581
1314553459
541803949
99568013
1005491083
195438317
1258155487
586662211
1649117809
545622097
1280902783
304780033
431327903
1470744181
1873006363
44225557
208852057
1991427499
1517456783
1498946591
811180561
254212901
4351493
1265415191
982216987
372266597
1360687409
949455803
1240136903
644083873
1334278307
1080058303
665227307
365263267
1736106587
1374310303
1110005389
938845403
1194793471
1243906921
676043141
521683411
54157247
1938111433
1615313201
1718247067
1108401881
1821728369
1573297541
26268097
1844002859
1154169629
799862677
36077933
1013387113
1542516329
1906432919
1909615313
2146834367
845301341
733559819
216546199
586974803
1549817887
1894853783
1629508981
1668418561
1985951089
1703064283
691264219
630379037
270262183
1228918903
480599011
2027219377
1687708751
1295440667
1324477267
1875562487
2146422953
1615315957
1185210827
944041057
753722531
1962606757
1670619107
1173687727
1336345321
456660793
1118118193
100868917
290880313
1926091729
2058984623
1238802157
1980690431
603417757
1838689597
942412847
66838879
116628937
18097753
370217521
481616831
2122846721
322068941
1157718239
1123343933
1293944573
1442338109
1505957417
1632484223
998219797
2053095211
920878333
337418351
14915311
325839197
2009442151
1316788427
171832501
1666813949
430029599
956289517
2033622313
731776147
986744501
1337669687
367283473
343527407
1536919229
1858236521
775407881
294644083
40440419
2098763153
1342507597
152613599
962433247
1151148721
847586423
655148531
548726333
1371909403
863950921
1975581661
1332328931
924305377
869343031
1760890771
1979539337
1460244899
1053386599
1474951109
713368951
660007603
1357747817
1848914233
236923957
1050990107
570458093
441904381
1172165503
799997533
480334787
1467751247
197070779
787458263
2049008329
1943833501
200511383
1116136447
1287610231
1416625783
230535859
82125139
319208587
264365527
589048723
110377199
1257898183
2027291269
171823903
1091123441
1710751969
1306026613
1111158157
281231693
1879116157
1435874663
98315467
1965807313
1106320597
255863351
441230899
775932341
1085424623
640243193
477665417
236689727
1420755547
708857711
269556697
1679391407
978173641
467464009
2011200371
610529827
1931290901
1538341841
1594746253
1329631483
1453956073
1260212477
1977478627
1392334549
1047501929
945433513
1324800151
1140952151
312144263
503137207
2075553019
477116357
1166938249
1811447413
1565165191
912520093
1267057829
147327329
1297791191
1327783361
346663511
119232013
801760331
1074172481
1359443089
1333620391
512697839
1940069317
846417697
867256177
29337281
931342667
1314666191
1405420871
488024531
1621203313
1255858061
194264377
174856219
1617111919
112689671
1285672727
755300999
388567297
951192629
805719007
1418888477
27251771
990187507
27293141
1550567147
1726254217
1954333471
1832880701
1298208721
1933838377
1247436383
164961877
1149520103
2132000327
44782079
1114244111
1440265093
715847507
1764775163
1083716099
943541623
1407406123
678512873
1522900567
1324980259
2049194419
791907913
1647777557
1814673227
14237411
1365856091
667250333
319363361
116097343
684948851
1950207997
962537881
304252297
421678273
347338561
921088417
579833599
2056615723
1096091327
1662969719
620963669
568233079
1782974653
1298303351
1000988591
1992233741
372583051
671767709
1450960711
141863629
238095763
1007109827
1358036083
75574253
865273111
1928600591
1780099273
1056782171
1730810791
343686373
1540342241
462973943
1374007237
2121441613
1511663533
52164199
294520381
2127087533
83282413
33208411
474698473
469505383
557297849
869545351
1354068013
1135951009
1065811771
291207557
1471865203
1376560903
116869153
1250584459
1357950641
2026387163
720797087
1037233
1751776583
1420031087
5736737
534640553
1387040191
706014623
376235957
97621757
373063787
119744629
1184857523
303250763
1296614519
873311399
625308007
1877751979
1811704619
1007114617
1894631449
584744383
111256883
1692527587
1992805109
1546153673
1467937673
337910723
2042598143
400102739
313546291
987879251
605796469
780033601
703519321
1670466727
1988065819
1215970433
150519329
1896696523
575501879
2047249283
517552339
224752999
1180728551
1813111711
992631209
1094659691
731376689
32925407
688478177
2029394677
1496801651
1557589109
374768321
637166711
797262437
1907047991
188891113
508978081
957245411
202686931
1207360849
1336553111
658937987
181345403
896918969
1065201847
1356306503
1297668629
1175132207
1680771167
1206431321
346979813
1024266161
1607624509
1128598411
837210937
1026014201
855293053
14372261
46408031
151273379
536499163
220647377
821885437
1905279793
380235179
2097741119
1473757121
820140103
211842217
1943164781
928468067
676358251
464516033
97455179
1868820623
2133716161
1886021513
955916399
1691731403
1066118021
1509219893
670383361
823237861
1089978707
792256733
1135544537
448243057
1878887083
1977212521
1473539807
505589813
6516971
1417976869
1452748981
1923812249
1120295513
200903497
69420641
1930680149
1406988577
16580087
29431949
1642112341
446300873
1393393787
703865303
1531642487
485916091
1879019657
171562331
223068707
554605537
4399723
97090027
707610671
950217617
1160378477
404513647
164103349
1172930923
742077701
162655483
254958551
1395832063
1273303099
1784321537
847473791
156762761
1212166601
541222147
1432313881
874233137
683336477
1117466351
1553170517
1264694287
8217023
489157369
965260393
1336320067
974062087
2038420877
2109291559
636210833
1378507843
364833467
170739353
272453759
1891622911
954400103
279913957
594762761
619680679
156537643
26858287
496546979
1727827349
426538153
82077629
410532841
627816139
395253049
101193067
437769901
1761230873
949463729
1752604411
1483906577
1611101663
2145587651
1852379153
623171161
1814946083
504062527
2082704621
1975268143
1345478573
1726210763
1293858131
1150677509
958769387
1395320083
512663887
190106639
1269287321
2049284441
140592247
2066929451
1111375999
2129476961
1906134899
224217667
931607587
1456449221
1649938943
1183011659
496074209
805483963
1681716763
1506894029
1355368031
889486973
1077158647
2051889899
1721588497
849394597
356590813
1750818011
1298640389
513957593
1693827701
398492363
940943851
440622827
1823351729
617797693
370801429
2057747533
104608741
170998661
938968567
1503035539
806295851
950218301
1362343987
1816228789
925176061
703560199
492074237
1636627877
1229658541
896676863
1817787343
1913588029
1890569333
1161135637
318662689
1440272983
1267029139
357028631
32419001
77754029
1356719981
1156127179
1128432493
932215367
266339657
1907802647
210408449
1636712531
281099761
625882349
527826769
336847109
1978376831
515239369
684119731
1439324801
410034949
1906930813
98275451
524509627
525863033
288367543
676964657
1274932903
1410065843
1017750403
759113119
507890809
327753709
1524128537
814895717
1873057
1162851649
884617693
1086071761
2049625967
1767280961
1801816903
2070664567
1970937559
1659726149
1271470927
146662991
1370417491
1519625269
527720363
2108904209
847755743
1415155733
2050698673
1584278951
2080773559
1419520261
1831471619
667558169
1059548593
182591179
549297487
1841583011
1972662089
1431557761
199893007
2123996183
2071893541
867568469
907317121
524036759
1418719031
1763787871
128785417
852514309
515218829
2016141703
1244832451
907536587
449909849
766747301
1995337261
454741927
525608777
822224759
86550517
1671988309
814303543
12770837
1929640751
1288303411
1338309677
106857749
1317031913
1360921207
472369789
1055244643
237320537
2096634823
902674543
302704277
127417897
1265989183
59909287
1306333631
1018811117
636823541
2081083523
1353709073
658436921
781314613
5958301
5408393
354859033
277952383
1595653559
1556956381
1367225611
805827151
1422134783
867451019
1636463267
199934843
693507977
1221711013
1510756981
580561913
2106299119
1973353709
717335249
61023553
369086351
37571509
2032786111
766138517
938222053
1451175161
1933791593
2141795569
1944501241
653803937
210012823
1332345241
429893689
720016519
265838317
686030221
1273954441
1011192593
1522917023
863263001
1240407359
1502905993
463307231
945357797
163009081
855086509
1021227461
27907631
1153514741
613208153
1474906001
1526499109
492255641
1507374229
497669213
971508529
298762463
2109504017
1184913127
18074531
954622321
469464491
488293153
1397208041
1434082547
254930807
4653757
1081934603
808942151
1425558731
255918739
2033060389
499611271
567772313
1494973043
195634519
600684389
2049490559
3986747
774532817
1733478127
1308617119
1380309481
880144351
1460887837
411718651
160426769
1212450541
252644297
697842433
1830296773
1178406637
1004966437
152494637
48506779
1346742377
1138142539
1471419437
2075535299
1538821859
332258347
1008668159
1136562527
1902034639
1609980679
955427959
513059993
1670205473
1571773543
1338939187
612350821
2044872259
2094484393
1099729573
2099101583
1806234569
898281283
947065961
1660464073
877529129
2022684749
516349247
1353160643
606546583
1073849549
855840763
1890721907
1839364741
1964673091
296615453
456745141
63146641
1196070257
1633661893
1351950071
1972790747
261120131
170237783
1430705447
779742959
953928719
814332131
294046691
1913768809
205367611
1548655859
341041891
1409987387
1069231391
1891405889
1858928909
99127993
1288786547
1740878677
1654089739
1737280417
315822809
438355667
1710472193
96381463
1072021891
468041153
247984351
192357677
2043314447
684144767
1346096617
1376848901
1250360941
557525789
1487817467
871676483
1584990593
349999847
990090853
1532469847
1317787441
1869721603
791059799
496283189
1964582701
2132008079
423579797
82334453
498484559
159811097
2133766049
370752259
196359431
67319449
713341547
1500930971
1352650307
1317883363
400438037
47220293
305431909
2024448851
1155113957
2104013477
1088721149
94081679
2014493737
843943141
1329370697
363848311
219992821
2021946673
1698887167
468347119
211874191
1917734729
617586017
1972051583
1411778999
1855034501
1446305723
248638477
248615737
248676359
1589762561
1136039057
1546499417
969564787
1804938599
1547833897
1462247539
1323423901
40337641
652028753
918415037
1790903057
1532387743
381183119
89405413
1468068319
1517984087
2032686989
411897917
389593909
306784109
967937479
347015587
715565419
1013171101
1085925403
83570659
1031156387
1907673247
1022242951
1860035339
106063151
26059867
1923116339
1970977937
2030199863
157732997
1695036019
395164067
1171710773
1320876001
928583303
1990819603
341930363
